date,acc_confirm,acc_cure,dead,new_confirm,new_domestic,new_nosympton
2022-02-12,3886,3683,7,9,0,0
2022-02-13,3894,3701,7,8,0,0
2022-02-14,3900,3714,7,6,0,0
2022-02-15,3913,3725,7,13,0,0
2022-02-16,3922,3744,7,9,0,1
2022-02-17,3935,3760,7,13,0,0
2022-02-18,3953,3771,7,18,0,3
2022-02-19,3976,3784,7,23,0,0
2022-02-20,4003,3787,7,27,0,5
2022-02-21,4035,3794,7,32,0,1
2022-02-22,4084,3804,7,49,0,8
2022-02-23,4108,3812,7,24,0,8
2022-02-24,4167,3820,7,59,0,23
2022-02-25,4222,3830,7,55,0,20
2022-02-26,4265,3841,7,43,0,12
2022-02-27,4310,3851,7,45,0,11
2022-02-28,4350,3863,7,40,0,15
2022-03-01,4388,3871,7,38,1,18
2022-03-02,4430,3879,7,42,3,24
2022-03-03,4475,3888,7,45,2,35
2022-03-04,4502,3900,7,27,3,26
2022-03-05,4527,3908,7,25,0,38
2022-03-06,4562,3973,7,35,3,61
2022-03-07,4602,4000,7,40,4,61
2022-03-08,4631,4032,7,29,3,72
2022-03-09,4677,4050,7,46,4,92
2022-03-10,4720,4067,7,43,11,74
2022-03-11,4747,4087,7,27,5,87
2022-03-12,4761,4113,7,14,1,65
2022-03-13,4818,4146,7,57,41,130
2022-03-14,4839,4161,7,21,9,133
2022-03-15,4854,4194,7,15,5,198
2022-03-16,4877,4227,7,23,8,156
2022-03-17,4944,4281,7,67,57,205
2022-03-18,4964,4307,7,20,8,372
2022-03-19,4986,4428,7,22,17,494
2022-03-20,5027,4472,7,41,24,736
2022-03-21,5066,4612,7,39,31,868
2022-03-22,5080,4635,7,14,4,981
2022-03-23,5094,4716,7,14,4,982
2022-03-24,5135,4779,7,41,29,1587
2022-03-25,5182,4800,7,47,38,2233
2022-03-26,5233,4833,7,51,45,2633
2022-03-27,5293,4870,7,60,50,3454
2022-03-28,5400,4898,7,107,96,4382
2022-03-29,5729,4943,7,329,326,5658
2022-03-30,6087,4972,7,358,355,5299
2022-03-31,6452,4998,7,365,358,4145
2022-04-01,6714,5037,7,262,260,6051
2022-04-02,7158,5068,7,444,438,7789
2022-04-03,7591,5098,7,433,425,8585
2022-04-04,7862,5125,7,271,268,13088
2022-04-05,8177,5166,7,315,311,16767
2022-04-06,8506,5213,7,329,322,19661
2022-04-07,9334,5270,7,828,824,20401
2022-04-08,10351,5389,7,1017,1015,22611
2022-04-09,11366,5616,7,1015,1006,23939
2022-04-10,12283,5914,7,917,914,25173
2022-04-11,13281,6305,7,998,994,22349
2022-04-12,14471,6646,7,1190,1189,25141
2022-04-13,17044,7387,7,2573,2573,25147
2022-04-14,20244,7936,7,3200,3200,19873
2022-04-15,23838,8911,7,3594,3590,19925
2022-04-16,27078,9288,7,3240,3238,21582
2022-04-17,29498,10021,10,2420,2417,19831
2022-04-18,32582,11238,17,3084,3084,17334
2022-04-19,35077,12923,24,2495,2494,16408
2022-04-20,37712,14100,32,2635,2634,15863
2022-04-21,39643,15836,43,1931,1931,15698
2022-04-22,42379,17715,55,2736,2736,20635
2022-04-23,43780,19958,94,1401,1401,19657
2022-04-24,46252,22409,145,2472,2472,16984
2022-04-25,47913,24352,197,1661,1661,15319
2022-04-26,49519,26992,245,1606,1606,11956
2022-04-27,50811,29302,292,1292,1292,9330
2022-04-28,56300,31782,344,5489,5487,9547
2022-04-29,57550,34593,391,1250,1249,8932
2022-04-30,58339,37649,429,789,788,7086
2022-05-01,59068,41891,461,729,727,6608
2022-05-02,59342,45873,481,274,274,5396
2022-05-03,59605,47742,497,263,260,4723
2022-05-04,59868,49481,510,263,261,4390
2022-05-05,60113,50871,522,245,245,4026
2022-05-06,60366,52535,535,253,253,3961
2022-05-07,60583,53476,543,217,215,3760
2022-05-08,60907,54121,554,324,322,3626
2022-05-09,61141,54968,560,234,234,2783
2022-05-10,61370,55575,567,229,228,1260
2022-05-11,61514,56008,572,144,144,1306
2022-05-12,61741,56424,574,227,227,1871
